150
0 0.538516480713 0.509901951359 0.648074069841 0.141421356237 0.616441400297 0.519615242271 0.173205080757 0.921954445729 0.469041575982 0.374165738677 0.374165738677 0.59160797831 0.994987437107 0.883176086633 1.10453610172 0.547722557505 0.1 0.74161984871 0.331662479036 0.435889894354 0.3 0.648074069841 0.469041575982 0.59160797831 0.547722557505 0.316227766017 0.141421356237 0.141421356237 0.538516480713 0.538516480713 0.387298334621 0.62449979984 0.80622577483 0.469041575982 0.374165738677 0.412310562562 0.469041575982 0.866025403784 0.141421356237 0.173205080757 1.34907375632 0.768114574787 0.458257569496 0.616441400297 0.59160797831 0.360555127546 0.583095189485 0.3 0.22360679775 4.00374824383 3.61662826401 4.16413256273 3.09354165965 3.79209704517 3.41613817051 3.78549864615 2.34520787991 3.74966665185 2.88790581564 2.70370116692 3.22800247831 3.14642654451 3.7 2.58069758011 3.62767142944 3.43511280746 3.00998338866 3.76828873628 2.88270706108 3.8535697736 3.07571129985 4.04722126897 3.65786823163 3.41613817051 3.59722114972 4.04722126897 4.24499705536 3.5312887166 2.49399278267 2.81780056072 2.70185121722 2.89482296523 4.13521462563 3.41174442185 3.51994318136 3.91152144312 3.61801050303 3.0 3.02158898595 3.31209903234 3.59583091927 3.00998338866 2.38746727726 3.15277655409 3.07408522979 3.12569992162 3.34514573674 2.09045449604 3.05777697028 5.28488410469 4.2083250825 5.30188645672 4.69041575982 5.05667875191 6.09507998307 3.59165699921 5.63648826842 5.04777178565 5.63914887195 4.35660418216 4.519955752 4.8538644398 4.19046536795 4.41701256507 4.62601340249 4.64542785973 6.24019230473 6.49846135635 4.14125584817 5.12152321092 4.0286474157 6.21128006131 4.10974451761 4.96990945592 5.31224999412 3.97743636027 4.0074929819 4.84045452411 5.09705797495 5.54616984954 6.0141499815 4.88057373676 4.16052881254 4.57055795281 5.78878225536 4.89182992345 4.60651712251 3.89615194776 4.79687398208 5.0199601592 4.63680924775 4.2083250825 5.25737577124 5.13614641536 4.65403051129 4.27668095607 4.4598206242 4.65080638169 4.1400483089
0.538516480713 0 0.3 0.331662479036 0.60827625303 1.09087121146 0.509901951359 0.424264068712 0.509901951359 0.173205080757 0.866025403784 0.458257569496 0.141421356237 0.678232998313 1.36014705087 1.62788205961 1.05356537529 0.547722557505 1.17473401245 0.836660026534 0.707106781187 0.761577310586 0.781024967591 0.556776436283 0.648074069841 0.22360679775 0.5 0.59160797831 0.5 0.346410161514 0.244948974278 0.678232998313 1.14891252931 1.3416407865 0.173205080757 0.3 0.787400787401 0.173205080757 0.509901951359 0.458257569496 0.529150262213 0.818535277187 0.547722557505 0.678232998313 0.98488578018 0.141421356237 0.848528137424 0.360555127546 0.812403840464 0.316227766017 4.09633982965 3.68646171823 4.23674403286 2.96984848098 3.81182371051 3.39116499156 3.86005181312 2.14709105536 3.78813938498 2.80535202782 2.46170672502 3.24499614792 3.04138126515 3.71214223865 2.55929677841 3.7 3.43365694268 2.97153159162 3.69188298839 2.79284800875 3.89358446679 3.07408522979 4.01870625948 3.65650105976 3.44673758792 3.65102725271 4.08044115262 4.29534631898 3.53836120259 2.41867732449 2.7 2.57875939165 2.85482048472 4.11703777005 3.39852909359 3.59722114972 3.97869325282 3.55808937493 2.99833287011 2.92916370318 3.24345494805 3.62215405525 2.95465734054 2.17944947177 3.10322412984 3.07896086367 3.11448230048 3.36452076825 1.91311264697 3.02985148151 5.33853912602 4.18090899207 5.35723809439 4.7085029468 5.09116882454 6.15954543777 3.47994252826 5.68682688325 5.04083326445 5.7471732182 4.4192759588 4.52106182218 4.90204039151 4.13400532172 4.40227214061 4.68081189539 4.68294778959 6.36945837572 6.53146231712 4.06201920232 5.19037570894 4.00249921924 6.26178888178 4.10609303353 5.04281667325 5.38980519128 3.98120584748 4.03112887415 4.85180378828 5.15848815061 5.59195851201 6.15467302137 4.89182992345 4.16893271714 4.54752680036 5.86003412959 4.95983870705 4.65080638169 3.91535439009 4.86004115209 5.07247474119 4.7021271782 4.18090899207 5.32071423777 5.20672641878 4.7 4.24970587218 4.49888875168 4.71805044483 4.15331193146
0.509901951359 0.3 0 0.244948974278 0.509901951359 1.08627804912 0.264575131106 0.412310562562 0.435889894354 0.316227766017 0.883176086633 0.374165738677 0.264575131106 0.5 1.3638181697 1.58745078664 1.00995049384 0.519615242271 1.23693168769 0.754983443527 0.830662386292 0.7 0.509901951359 0.648074069841 0.640312423743 0.469041575982 0.509901951359 0.616441400297 0.547722557505 0.3 0.331662479036 0.781024967591 1.05356537529 1.28452325787 0.316227766017 0.316227766017 0.854400374532 0.316227766017 0.360555127546 0.489897948557 0.435889894354 0.92736184955 0.3 0.65574385243 0.959166304663 0.264575131106 0.781024967591 0.141421356237 0.80622577483 0.331662479036 4.27668095607 3.84967531098 4.41588043316 3.15436205912 3.99749921826 3.55105618091 4.01123422403 2.30651251893 3.97492138287 2.94957624075 2.64764045897 3.40293990543 3.25883414736 3.87943294825 2.72029410175 3.88072158239 3.57491258634 3.15277655409 3.89615194776 2.97825452237 4.03112887415 3.25883414736 4.20713679359 3.83144881213 3.63180395947 3.83405790254 4.27317212384 4.46989932773 3.70270171631 2.61533936612 2.88790581564 2.77128129211 3.03644529014 4.28252262107 3.52987251894 3.7322915213 4.15451561557 3.76696164037 3.14642654451 3.10322412984 3.40734500748 3.78549864615 3.14006369362 2.35372045919 3.26802692767 3.23264597505 3.27261363439 3.54259791678 2.08566536146 3.19530906173 5.472659317 4.33474336034 5.52901437871 4.86826457786 5.24690384894 6.33640276498 3.60832371053 5.86600375042 5.22494019105 5.89406481132 4.57383865041 4.69361268108 5.06951674225 4.29185274677 4.544227107 4.82700735446 4.84561657583 6.52073615476 6.71788657243 4.25088226137 5.34883164813 4.14366987102 6.44670458451 4.28135492572 5.19422756529 5.55877684387 4.14969878425 4.18568990729 5.01497756725 5.33853912602 5.77754273026 6.31268564083 5.0537115074 4.34165866922 4.71699056603 6.04069532422 5.09215082259 4.80624593628 4.06693988153 5.02692749102 5.22876658496 4.86826457786 4.33474336034 5.4753995288 5.35350352573 4.86415460281 4.43057558338 4.66154480832 4.84871116896 4.29883705204
0.648074069841 0.331662479036 0.244948974278 0 0.648074069841 1.16619037897 0.331662479036 0.5 0.3 0.316227766017 1.0 0.374165738677 0.264575131106 0.519615242271 1.52970585408 1.71464281995 1.16619037897 0.65574385243 1.32287565553 0.866025403784 0.877496438739 0.80622577483 0.707106781187 0.648074069841 0.538516480713 0.424264068712 0.547722557505 0.721110255093 0.678232998313 0.173205080757 0.22360679775 0.877496438739 1.17046999107 1.42478068488 0.316227766017 0.509901951359 1.00498756211 0.316227766017 0.3 0.583095189485 0.60827625303 0.836660026534 0.3 0.7 0.969535971483 0.264575131106 0.866025403784 0.141421356237 0.921954445729 0.458257569496 4.17731971484 3.73363094052 4.30581002832 2.98496231132 3.87298334621 3.39263909074 3.88973006776 2.11187120819 3.85486705348 2.77848879789 2.45153013443 3.26802692767 3.10805405358 3.73764631821 2.58069758011 3.7762415177 3.4205262753 3.0 3.74966665185 2.81602556807 3.89230009121 3.1304951685 4.06201920232 3.68510515454 3.51140997322 3.7229020938 4.15451561557 4.34971263419 3.56230262611 2.46981780705 2.72029410175 2.60384331326 2.89136645896 4.12795348811 3.3674916481 3.60693775937 4.04227658628 3.62629287289 2.99666481275 2.93768616431 3.23573793747 3.64828726939 2.98998327755 2.16333076528 3.10805405358 3.08382878902 3.1224989992 3.41320963318 1.91572440607 3.04466746953 5.33572862878 4.17731971484 5.40647759637 4.72228758125 5.10979451642 6.2153036933 3.4205262753 5.73846669416 5.08133840637 5.78446194559 4.45196585791 4.55302097513 4.94570520755 4.13037528561 4.3965895874 4.70106370942 4.70956473573 6.41404708433 6.59014415624 4.08778668719 5.229722746 3.9862262856 6.32297398381 4.14366987102 5.06951674225 5.43874985635 4.01248052955 4.04722126897 4.8733971724 5.2172789843 5.65508620624 6.2153036933 4.91324739862 4.19880935504 4.55521678957 5.93211597999 4.96286207747 4.66904701197 3.92683078321 4.91019347888 5.10489960724 4.76025209416 4.17731971484 5.34976635004 5.23259018078 4.74552420708 4.28835632848 4.53321078266 4.7191100856 4.14969878425
0.141421356237 0.60827625303 0.509901951359 0.648074069841 0 0.616441400297 0.458257569496 0.22360679775 0.921954445729 0.529150262213 0.424264068712 0.346410161514 0.640312423743 0.974679434481 0.916515138991 1.08627804912 0.547722557505 0.173205080757 0.793725393319 0.264575131106 0.538516480713 0.264575131106 0.565685424949 0.529150262213 0.574456264654 0.632455532034 0.346410161514 0.244948974278 0.282842712475 0.538516480713 0.574456264654 0.5 0.556776436283 0.781024967591 0.529150262213 0.4472135955 0.519615242271 0.529150262213 0.854400374532 0.244948974278 0.173205080757 1.4 0.728010988928 0.458257569496 0.583095189485 0.640312423743 0.3 0.565685424949 0.331662479036 0.3 4.06078810085 3.6633318168 4.21900462195 3.14801524774 3.84967531098 3.45687720349 3.82491829978 2.38746727726 3.80788655293 2.92232783924 2.75862284483 3.27108544676 3.21869538789 3.74566416007 2.62678510731 3.68510515454 3.46698716467 3.06267856622 3.83405790254 2.93768616431 3.88458491991 3.1336879232 4.10365690574 3.70675059857 3.47419055321 3.6551333765 4.10852771683 4.29651021179 3.57631094845 2.55734237051 2.87402157264 2.76043474837 2.94957624075 4.17851648316 3.43802268753 3.55105618091 3.96484552032 3.68646171823 3.03644529014 3.07083050656 3.35410196625 3.64005494464 3.06594194335 2.43721152139 3.19687347263 3.11287648325 3.16701752442 3.39852909359 2.14242852856 3.10322412984 5.31319113151 4.24617474911 5.35070088867 4.73075046901 5.0960769225 6.14573022512 3.61662826401 5.68770604022 5.10098029794 5.67626637853 4.39772668546 4.5683695122 4.90102030194 4.23083916026 4.45084261685 4.66261729075 4.68828326789 6.27853486094 6.55362495112 4.19642705167 5.16430053347 4.06078810085 6.26578007913 4.16052881254 5.00799361022 5.35910440279 4.0249223595 4.04722126897 4.88364617883 5.14975727583 5.60178542966 6.05722708836 4.92341345004 4.2083250825 4.61410879802 5.84380013347 4.92036584006 4.64542785973 3.93446311458 4.84458460552 5.06162029394 4.68614980554 4.24617474911 5.29716905526 5.17300686255 4.70106370942 4.33012701892 4.50444225182 4.67867502612 4.17372735094
0.616441400297 1.09087121146 1.08627804912 1.16619037897 0.616441400297 0 0.994987437107 0.7 1.45945195193 1.00995049384 0.346410161514 0.812403840464 1.16189500386 1.57162336455 0.678232998313 0.616441400297 0.4 0.59160797831 0.331662479036 0.387298334621 0.538516480713 0.412310562562 1.12249721603 0.678232998313 0.830662386292 1.00995049384 0.648074069841 0.529150262213 0.648074069841 1.01488915651 1.0246950766 0.538516480713 0.458257569496 0.479583152331 1.00995049384 0.969535971483 0.60827625303 1.00995049384 1.41774468788 0.648074069841 0.7 1.88148877222 1.3 0.60827625303 0.374165738677 1.12694276696 0.387298334621 1.12249721603 0.360555127546 0.80622577483 3.61247837364 3.24653661615 3.78681924575 2.94448637287 3.46987031458 3.15436205912 3.40734500748 2.32808934536 3.41467421579 2.70554985169 2.7147743921 2.91890390387 2.98328677804 3.38969025134 2.33666428911 3.25883414736 3.14642654451 2.77848879789 3.54682957019 2.70739727414 3.50856095857 2.79284800875 3.77094152699 3.3674916481 3.09354165965 3.24653661615 3.71214223865 3.88329756779 3.22645316098 2.31948270095 2.67581763205 2.57293606605 2.66082693913 3.84707681233 3.14006369362 3.1448370387 3.54118624193 3.38673884438 2.72396769438 2.84077454227 3.10322412984 3.27261363439 2.7892651362 2.37486841741 2.92232783924 2.79105714739 2.85482048472 3.0347981811 2.05669638012 2.80535202782 4.90611862881 3.92555728528 4.9223977897 4.35660418216 4.69787185862 5.70526073024 3.4263683398 5.26592821827 4.7349762407 5.20576603393 3.97743636027 4.20119030752 4.48330235429 3.93700393701 4.11460812229 4.24970587218 4.29185274677 5.79137289423 6.13432962923 3.91790760483 4.72757866143 3.7483329628 5.83609458457 3.80131556175 4.57602447546 4.91731634126 3.6633318168 3.67423461417 4.5066617357 4.72228758125 5.17880295049 5.55967624957 4.54532727095 3.84577690461 4.28835632848 5.39166022668 4.5022216738 4.24735211632 3.56931365951 4.41248229458 4.64112055435 4.24970587218 3.92555728528 4.86826457786 4.73919824443 4.28485705713 3.98873413504 4.10243829935 4.26497362243 3.81837661841
0.519615242271 0.509901951359 0.264575131106 0.331662479036 0.458257569496 0.994987437107 0 0.424264068712 0.547722557505 0.479583152331 0.866025403784 0.3 0.489897948557 0.616441400297 1.36014705087 1.49331845231 0.953939201417 0.509901951359 1.20830459736 0.648074069841 0.860232526704 0.6 0.458257569496 0.62449979984 0.547722557505 0.60827625303 0.458257569496 0.62449979984 0.60827625303 0.316227766017 0.424264068712 0.812403840464 0.948683298051 1.20830459736 0.479583152331 0.5 0.916515138991 0.479583152331 0.469041575982 0.519615242271 0.424264068712 1.10905365064 0.316227766017 0.547722557505 0.818535277187 0.4472135955 0.678232998313 0.22360679775 0.774596669241 0.424264068712 4.23083916026 3.78549864615 4.36692111218 3.12729915422 3.95600808897 3.48998567332 3.93446311458 2.27815714998 3.93573373083 2.88270706108 2.6495282599 3.33616546352 3.26343377442 3.82099463491 2.66270539114 3.83536178215 3.49428104193 3.11608729018 3.87943294825 2.94957624075 3.94208066889 3.22024843762 4.1701318924 3.78285606388 3.59165699921 3.7907782842 4.23910367885 4.41474801093 3.64142829121 2.59807621135 2.86530975638 2.75499546279 2.99833287011 4.22255846614 3.44238289561 3.64142829121 4.10243829935 3.7549966711 3.07408522979 3.06267856622 3.35559234711 3.7229020938 3.1064449134 2.33880311271 3.214031736 3.16543835827 3.20936130718 3.49571165859 2.06397674406 3.14006369362 5.37587202229 4.26380112107 5.4680892458 4.79895822028 5.17107338954 6.28012738724 3.5312887166 5.8137767415 5.17976833459 5.80775343829 4.49777722881 4.63680924775 5.0049975025 4.22729227757 4.46094160464 4.74236228055 4.77807492616 6.43972049083 6.67083203206 4.21900462195 5.2744667977 4.06201920232 6.39921870231 4.22847490237 5.11370707022 5.49636243346 4.09023226724 4.11217703899 4.94772675074 5.28866712887 5.73149195236 6.24019230473 4.98497743225 4.28719022205 4.66261729075 5.98832196863 4.99399639567 4.73180726573 3.9912404087 4.96185449202 5.1526692112 4.80312398341 4.26380112107 5.39722150741 5.26782687643 4.79687398208 4.38406204336 4.59347363114 4.74973683482 4.21781934179
0.173205080757 0.424264068712 0.412310562562 0.5 0.22360679775 0.7 0.424264068712 0 0.787400787401 0.331662479036 0.5 0.22360679775 0.469041575982 0.905538513814 1.04403065089 1.23693168769 0.7 0.2 0.836660026534 0.424264068712 0.4472135955 0.374165738677 0.67082039325 0.387298334621 0.4472135955 0.412310562562 0.22360679775 0.22360679775 0.22360679775 0.374165738677 0.374165738677 0.4472135955 0.734846922835 0.948683298051 0.331662479036 0.360555127546 0.547722557505 0.331662479036 0.748331477355 0.1 0.244948974278 1.22882057274 0.663324958071 0.424264068712 0.60827625303 0.469041575982 0.424264068712 0.458257569496 0.424264068712 0.141421356237 3.96484552032 3.56230262611 4.11703777005 2.98663690461 3.72961123979 3.32565782966 3.72827037646 2.21133443875 3.69188298839 2.78028775489 2.56904651573 3.15436205912 3.05450486986 3.62491379208 2.49599679487 3.58189893771 3.34813380856 2.9206163733 3.68374809128 2.78208554865 3.78153408024 3.00499584026 3.9686269666 3.57910603363 3.35559234711 3.54541958025 3.9912404087 4.18927201313 3.45543050863 2.40208242989 2.71108834235 2.59422435421 2.80891438104 4.05092582011 3.31813200461 3.45832329316 3.86134691526 3.53836120259 2.91376045687 2.91890390387 3.20936130718 3.52420203734 2.9206163733 2.25610283454 3.05777697028 2.98998327755 3.03973683071 3.27719392163 1.96977156036 2.96984848098 5.21919534028 4.12067955561 5.24785670536 4.61627555503 4.98998997995 6.04483250388 3.47419055321 5.58032257132 4.97493718553 5.59732078766 4.3 4.44747119159 4.79687398208 4.09756024971 4.33589667774 4.56618002273 4.57930125674 6.2040309477 6.44204936336 4.04722126897 5.06951674225 3.93954312072 6.15873363607 4.03732584764 4.91426495012 5.26212884677 3.90512483795 3.93573373083 4.76864760703 5.04479930225 5.49272245794 5.98498120298 4.80936586256 4.08656334834 4.48330235429 5.74630315942 4.83114893167 4.53982378513 3.82230297072 4.74552420708 4.96286207747 4.59020696701 4.12067955561 5.20096144958 5.08232230383 4.59891291503 4.2 4.39772668546 4.58911756223 4.06078810085
0.921954445729 0.509901951359 0.435889894354 0.3 0.921954445729 1.45945195193 0.547722557505 0.787400787401 0 0.556776436283 1.28452325787 0.67082039325 0.424264068712 0.346410161514 1.79164728672 1.99749843554 1.43178210633 0.92736184955 1.61245154966 1.14891252931 1.15758369028 1.08627804912 0.830662386292 0.911043357914 0.812403840464 0.640312423743 0.830662386292 1.00498756211 0.943398113206 0.469041575982 0.489897948557 1.1401754251 1.44913767462 1.70293863659 0.556776436283 0.7 1.256980509 0.556776436283 0.141421356237 0.866025403784 0.860232526704 0.62449979984 0.316227766017 0.959166304663 1.26095202129 0.424264068712 1.15758369028 0.360555127546 1.20830459736 0.721110255093 4.37949768809 3.92300904919 4.49777722881 3.0886890423 4.04351332383 3.53836120259 4.07676342213 2.17944947177 4.03608721412 2.8930952283 2.49399278267 3.43365694268 3.23264597505 3.90128184063 2.73678643668 3.97114593033 3.57071421427 3.15119025132 3.876854395 2.94278779391 4.05709255502 3.29696830437 4.2083250825 3.84577690461 3.69052841745 3.9102429592 4.33243580449 4.52879674969 3.7229020938 2.61342686907 2.83372546306 2.71845544381 3.04138126515 4.27200187266 3.50856095857 3.79209704517 4.2320207939 3.76563407675 3.15436205912 3.05614135799 3.36154726279 3.81837661841 3.13209195267 2.22934968096 3.24499614792 3.24653661615 3.27719392163 3.58608421541 2.00499376558 3.19374388453 5.49727205075 4.31045241245 5.58211429478 4.8795491595 5.27067358124 6.39531078213 3.50285597763 5.91438923305 5.23163454381 5.97578446733 4.62925479964 4.70531614241 5.11761663277 4.24852915725 4.52769256907 4.86929152958 4.8774993593 6.61740130263 6.75573830162 4.20713679359 5.40740233384 4.11582312545 6.49846135635 4.29651021179 5.2488093888 5.62583327161 4.16773319683 4.2083250825 5.02593274925 5.40092584656 5.83009433886 6.42650760522 5.06458290484 4.35889894354 4.69680742633 6.11555394057 5.13225096814 4.83838816136 4.08533964316 5.08920426 5.27351874937 4.93862328995 4.31045241245 5.52358579186 5.40647759637 4.91426495012 4.42944691807 4.70106370942 4.88876262463 4.30232495286
0.469041575982 0.173205080757 0.316227766017 0.316227766017 0.529150262213 1.00995049384 0.479583152331 0.331662479036 0.556776436283 0 0.787400787401 0.346410161514 0.173205080757 0.728010988928 1.31148770486 1.55563491861 1.00995049384 0.5 1.1 0.754983443527 0.62449979984 0.7 0.774596669241 0.529150262213 0.519615242271 0.2 0.4472135955 0.509901951359 0.4472135955 0.264575131106 0.173205080757 0.65574385243 1.04403065089 1.26095202129 0.0 0.346410161514 0.754983443527 0.0 0.556776436283 0.374165738677 0.5 0.938083151965 0.556776436283 0.65574385243 0.883176086633 0.264575131106 0.74161984871 0.346410161514 0.728010988928 0.264575131106 4.04351332383 3.63593179254 4.18568990729 2.9478805946 3.77094152699 3.34215499341 3.80657326213 2.13072757527 3.73898381917 2.7748873851 2.45560583156 3.20312347561 3.01330383466 3.66196668472 2.52586618806 3.65239647355 3.38526217596 2.92232783924 3.66878726557 2.75862284483 3.84577690461 3.03644529014 3.97994974843 3.60277670693 3.40147027034 3.60555127546 4.03484820037 4.24970587218 3.49428104193 2.38746727726 2.67207784318 2.5495097568 2.81780056072 4.0718546143 3.34962684489 3.54259791678 3.92937654088 3.52845575288 2.94957624075 2.9 3.19843711834 3.57071421427 2.91890390387 2.16794833887 3.06267856622 3.02489669245 3.06757233004 3.31813200461 1.91049731745 2.9883105595 5.29244744896 4.14366987102 5.31130868996 4.65832587954 5.04678115238 6.10819122163 3.45253530033 5.6329388422 4.99799959984 5.6973678133 4.37492857085 4.4821869662 4.86004115209 4.10609303353 4.37607129741 4.64112055435 4.63249392876 6.30713881249 6.48768063332 4.0286474157 5.14684369298 3.9686269666 6.21128006131 4.07062648741 4.99199358974 5.33291665039 3.94461658466 3.98748040748 4.81144468949 5.10294032887 5.54436651025 6.09179776421 4.8538644398 4.11946598481 4.49332838773 5.81807528312 4.91426495012 4.59782557303 3.87298334621 4.81767578818 5.03388517946 4.66904701197 4.14366987102 5.2744667977 5.16526862806 4.66690475583 4.2201895692 4.4575778176 4.67225855449 4.10609303353
0.374165738677 0.866025403784 0.883176086633 1.0 0.424264068712 0.346410161514 0.866025403784 0.5 1.28452325787 0.787400787401 0 0.678232998313 0.932737905309 1.36747943312 0.583095189485 0.787400787401 0.346410161514 0.387298334621 0.387298334621 0.331662479036 0.360555127546 0.360555127546 0.948683298051 0.616441400297 0.781024967591 0.812403840464 0.547722557505 0.282842712475 0.374165738677 0.866025403784 0.854400374532 0.360555127546 0.458257569496 0.519615242271 0.787400787401 0.707106781187 0.3 0.787400787401 1.23693168769 0.424264068712 0.5 1.67928556237 1.13578166916 0.60827625303 0.547722557505 0.932737905309 0.331662479036 0.948683298051 0.1 0.574456264654 3.80657326213 3.45543050863 3.98246155035 3.07083050656 3.64965751818 3.3331666625 3.62904946232 2.41246761636 3.59165699921 2.87054001888 2.77308492477 3.11769145362 3.08220700148 3.57910603363 2.5099800796 3.44963766213 3.34962684489 2.92574776767 3.68510515454 2.83725219182 3.7349698794 2.95972971739 3.93700393701 3.54118624193 3.26955654485 3.43220046035 3.88587184555 4.08411557133 3.41906419946 2.43721152139 2.79284800875 2.67955220139 2.81424945589 4.03484820037 3.34365069946 3.37786915081 3.73898381917 3.51994318136 2.91547594742 2.98496231132 3.26036807738 3.4684290392 2.93598365118 2.44948974278 3.0886890423 2.97825452237 3.03809150619 3.214031736 2.14242852856 2.97825452237 5.14878626474 4.12431812546 5.13322510708 4.56289381862 4.91833305094 5.91185250154 3.59722114972 5.46351535186 4.91731634126 5.44977063738 4.20238027789 4.3965895874 4.69680742633 4.12553026895 4.33243580449 4.48330235429 4.50111097397 6.02826674924 6.33008688724 4.06816912136 4.95479565673 3.95600808897 6.03158354 3.9912404087 4.80624593628 5.12835256198 3.86005181312 3.88587184555 4.71487009365 4.91731634126 5.37215040743 5.78878225536 4.75604878024 4.03360880602 4.46654228683 5.59910707167 4.74868402823 4.46318272088 3.78153408024 4.62925479964 4.86826457786 4.46989932773 4.12431812546 5.09705797495 4.97795138586 4.50333209968 4.1701318924 4.31624837098 4.51109742746 4.03236903073
0.374165738677 0.458257569496 0.374165738677 0.374165738677 0.346410161514 0.812403840464 0.3 0.22360679775 0.67082039325 0.346410161514 0.678232998313 0 0.458257569496 0.818535277187 1.23288280059 1.3638181697 0.860232526704 0.387298334621 0.994987437107 0.519615242271 0.60827625303 0.479583152331 0.663324958071 0.4472135955 0.3 0.4472135955 0.282842712475 0.424264068712 0.4472135955 0.22360679775 0.3 0.640312423743 0.818535277187 1.08166538264 0.346410161514 0.489897948557 0.768114574787 0.346410161514 0.640312423743 0.316227766017 0.387298334621 1.18321595662 0.538516480713 0.458257569496 0.616441400297 0.458257569496 0.5 0.346410161514 0.59160797831 0.3 3.9912404087 3.56370593624 4.13279566395 2.94448637287 3.73363094052 3.28481354113 3.71887079636 2.13072757527 3.70135110466 2.71661554144 2.5 3.1336879232 3.04630924235 3.60416425819 2.46981780705 3.60277670693 3.30151480384 2.89482296523 3.67423461417 2.74772633281 3.7483329628 3.00333148354 3.95474398666 3.55808937493 3.36303434416 3.56089876295 4.0049968789 4.19285105865 3.43365694268 2.38746727726 2.67207784318 2.55734237051 2.7892651362 4.01746188532 3.25883414736 3.43656805549 3.87298334621 3.53694783677 2.87402157264 2.87576076891 3.15753068077 3.50570962859 2.89827534924 2.18632111091 3.0166206258 2.95465734054 3.00499584026 3.27261363439 1.91572440607 2.93768616431 5.18748493974 4.07798970082 5.2488093888 4.58911756223 4.96890329952 6.05061980296 3.38821486922 5.58121850495 4.96185449202 5.59821400091 4.29185274677 4.43057558338 4.79374592568 4.05215991787 4.29534631898 4.54972526643 4.56289381862 6.21128006131 6.44592894779 4.0162171256 5.06655701636 3.88973006776 6.16603600379 4.02367990775 4.90306026885 5.26497863244 3.88844441904 3.91152144312 4.74657771452 5.05173237613 5.50090901579 6.00416522091 4.78748368143 4.06816912136 4.44634681508 5.76454681653 4.80520551069 4.51884941108 3.7947331922 4.74868402823 4.9537864306 4.6 4.07798970082 5.19037570894 5.07148893324 4.59782557303 4.18449519058 4.3874821937 4.56179789118 4.02243707222
0.59160797831 0.141421356237 0.264575131106 0.264575131106 0.640312423743 1.16189500386 0.489897948557 0.469041575982 0.424264068712 0.173205080757 0.932737905309 0.458257569496 0 0.583095189485 1.43178210633 1.69410743461 1.12694276696 0.616441400297 1.256980509 0.883176086633 0.787400787401 0.824621125124 0.754983443527 0.65574385243 0.648074069841 0.3 0.574456264654 0.65574385243 0.574456264654 0.316227766017 0.244948974278 0.787400787401 1.17473401245 1.39283882772 0.173205080757 0.360555127546 0.871779788708 0.173205080757 0.424264068712 0.519615242271 0.583095189485 0.793725393319 0.469041575982 0.761577310586 1.03440804328 0.2 0.883176086633 0.3 0.871779788708 0.374165738677 4.17851648316 3.76430604494 4.31624837098 3.02985148151 3.88973006776 3.44963766213 3.93446311458 2.18860686282 3.86393581727 2.86181760425 2.50199920064 3.31813200461 3.1064449134 3.77888872554 2.63248931622 3.78285606388 3.49428104193 3.03150127824 3.76430604494 2.85306852354 3.96232255123 3.15119025132 4.08778668719 3.71887079636 3.52420203734 3.7322915213 4.15812457726 4.37378554573 3.60832371053 2.48797106092 2.75862284483 2.63628526529 2.92403830344 4.1797129088 3.45398320783 3.66878726557 4.05832477754 3.63042697213 3.061045573 2.98998327755 3.29545141066 3.69052841745 3.02158898595 2.22485954613 3.16385840391 3.14006369362 3.17804971641 3.43802268753 1.97484176581 3.09515750811 5.40925133452 4.24499705536 5.43507129668 4.77388730491 5.16333225737 6.23538290725 3.52562051276 5.75847201956 5.10979451642 5.82837884836 4.49777722881 4.59347363114 4.98096376216 4.19880935504 4.47437146424 4.75920161372 4.75289385533 6.44592894779 6.60757141467 4.12310562562 5.27067358124 4.06693988153 6.33640276498 4.18090899207 5.11761663277 5.46351535186 4.05585995813 4.10243829935 4.92341345004 5.23163454381 5.66833308831 6.2337789502 4.96487663492 4.23556371691 4.6021733996 5.94474557908 5.03388517946 4.7191100856 3.9862262856 4.94165964024 5.1526692112 4.7906158268 4.24499705536 5.39722150741 5.28677595515 4.78434948556 4.32434966209 4.57602447546 4.79165942028 4.21781934179
0.994987437107 0.678232998313 0.5 0.519615242271 0.974679434481 1.57162336455 0.616441400297 0.905538513814 0.346410161514 0.728010988928 1.36747943312 0.818535277187 0.583095189485 0 1.808314132 2.04205778567 1.46628782986 1.00995049384 1.73205080757 1.21655250606 1.31909059583 1.17473401245 0.68556546004 1.11803398875 1.0295630141 0.866025403784 0.994987437107 1.10905365064 1.03440804328 0.678232998313 0.721110255093 1.27279220614 1.47648230602 1.72626765016 0.728010988928 0.74161984871 1.31909059583 0.728010988928 0.244948974278 0.98488578018 0.905538513814 0.781024967591 0.316227766017 1.11355287257 1.41774468788 0.616441400297 1.2409673646 0.479583152331 1.28840987267 0.824621125124 4.68828326789 4.23910367885 4.81352261862 3.43220046035 4.36921045499 3.87298334621 4.3931765273 2.52388589282 4.3577517139 3.22955105239 2.83901391332 3.75898922584 3.57071421427 4.23083916026 3.06431068921 4.28368999812 3.9 3.48568501159 4.21544778167 3.28329103188 4.37949768809 3.6235341864 4.544227107 4.17731971484 4.01248052955 4.22729227757 4.65510472492 4.85077313425 4.05215991787 2.9478805946 3.17647603485 3.061045573 3.37490740614 4.6076024134 3.83796821248 4.10609303353 4.54862616622 4.10121933088 3.48281495345 3.39705755029 3.70135110466 4.14487635521 3.4684290392 2.57487863792 3.58189893771 3.57491258634 3.60832371053 3.91152144312 2.34520787991 3.52703841771 5.81893461039 4.64542785973 5.90592922409 5.21056618805 5.59821400091 6.7186308129 3.83796821248 6.24019230473 5.56686626389 6.28728876385 4.94873721266 5.03785668712 5.44150714417 4.58584779512 4.85592421687 5.18941229813 5.20480547187 6.92603782837 7.08519583357 4.54972526643 5.72712842531 4.44747119159 6.82422156733 4.62817458616 5.56866231693 5.94558659848 4.49777722881 4.53541618818 5.35723809439 5.72276157113 6.1554853586 6.73052746819 5.39536838409 4.69041575982 5.03388517946 6.43428317686 5.44977063738 5.16430053347 4.41248229458 5.40925133452 5.59553393342 5.25452186217 4.64542785973 5.84551109827 5.72450871254 5.23545604508 4.76445169983 5.02593274925 5.20576603393 4.63141447076
0.883176086633 1.36014705087 1.3638181697 1.52970585408 0.916515138991 0.678232998313 1.36014705087 1.04403065089 1.79164728672 1.31148770486 0.583095189485 1.23288280059 1.43178210633 1.808314132 0 0.547722557505 0.469041575982 0.888819441732 0.556776436283 0.793725393319 0.877496438739 0.842614977318 1.28062484749 1.14891252931 1.36014705087 1.3416407865 1.09544511501 0.836660026534 0.871779788708 1.41774468788 1.40356688476 0.80622577483 0.68556546004 0.412310562562 1.31148770486 1.1313708499 0.59160797831 1.31148770486 1.72336879396 0.969535971483 0.953939201417 2.14476105895 1.61554944214 1.1 1.0295630141 1.43178210633 0.830662386292 1.45602197786 0.65574385243 1.08166538264 3.97114593033 3.68510515454 4.17133072292 3.4684290392 3.89615194776 3.68103246386 3.86652298584 2.90172362571 3.82361085886 3.28329103188 3.2511536414 3.4205262753 3.4292856399 3.87169213652 2.86705423737 3.64691650576 3.69052841745 3.27719392163 3.99749921826 3.22335229226 4.02119385258 3.25269119346 4.22847490237 3.84447655735 3.51994318136 3.64965751818 4.10365690574 4.30116263352 3.71887079636 2.81069386451 3.19687347263 3.0886890423 3.15911379979 4.34741302386 3.70675059857 3.64005494464 3.94461658466 3.81968585096 3.26496554346 3.37490740614 3.64554522671 3.75366487582 3.28633534503 2.92916370318 3.45543050863 3.31813200461 3.38082830088 3.49141805002 2.60576284416 3.32716095192 5.39166022668 4.44859528391 5.3282267219 4.83528696149 5.16236379966 6.0835844697 4.0249223595 5.65950527873 5.17493961317 5.6053545829 4.42492937797 4.66368952654 4.90917508345 4.46542271235 4.6357307946 4.71380949976 4.74763098819 6.15629758865 6.51690110405 4.40567815438 5.14878626474 4.29068759058 6.20805927807 4.26497362243 5.01597448159 5.31036721894 4.13763217312 4.16413256273 4.97694685525 5.10685813392 5.55877684387 5.89321643926 5.01597448159 4.31161222746 4.78016736109 5.7471732182 4.98096376216 4.71380949976 4.06939798988 4.82389883808 5.08133840637 4.65188133985 4.44859528391 5.30471488395 5.1807335388 4.71380949976 4.45308881564 4.55302097513 4.75078940809 4.333589736
1.10453610172 1.62788205961 1.58745078664 1.71464281995 1.08627804912 0.616441400297 1.49331845231 1.23693168769 1.99749843554 1.55563491861 0.787400787401 1.3638181697 1.69410743461 2.04205778567 0.547722557505 0 0.616441400297 1.09087121146 0.640312423743 0.854400374532 1.08166538264 0.921954445729 1.46287388383 1.27279220614 1.41774468788 1.58113883008 1.22474487139 1.04880884817 1.1401754251 1.57797338381 1.59687194227 1.04403065089 0.65574385243 0.360555127546 1.55563491861 1.43527000944 0.964365076099 1.55563491861 1.93132079158 1.18321595662 1.16189500386 2.4289915603 1.79164728672 1.16189500386 0.938083151965 1.67032930885 0.877496438739 1.64316767252 0.830662386292 1.32287565553 3.7907782842 3.48425027804 3.98748040748 3.39263909074 3.74432904537 3.51710107901 3.64005494464 2.87054001888 3.67151195014 3.14642654451 3.25729949498 3.2403703492 3.39705755029 3.69459064038 2.73495886624 3.47850542619 3.48998567332 3.16543835827 3.91152144312 3.14165561448 3.78549864615 3.12729915422 4.0914545091 3.68781778292 3.37490740614 3.48998567332 3.95727178748 4.11096095822 3.54259791678 2.75680975042 3.1336879232 3.03973683071 3.0495901364 4.16893271714 3.50142828 3.39558536927 3.76031913539 3.74032084185 3.0886890423 3.27261363439 3.51140997322 3.56791255498 3.18433666562 2.91547594742 3.31662479036 3.1448370387 3.21714158843 3.33916157141 2.5903667694 3.18276609257 5.12152321092 4.25558456619 5.11566222497 4.62385120868 4.93254498206 5.87111573723 3.86522961802 5.45985347789 5.00599640431 5.33479146734 4.19523539268 4.47995535692 4.69680742633 4.29185274677 4.4192759588 4.46989932773 4.5343136195 5.88557558782 6.32534584035 4.28835632848 4.91222963633 4.08533964316 6.01331855135 4.09511904589 4.76864760703 5.08920426 3.95727178748 3.95474398666 4.76969600708 4.91324739862 5.37215040743 5.63648826842 4.80624593628 4.13400532172 4.60543157587 5.54346462061 4.7085029468 4.48776113446 3.86005181312 4.6076024134 4.84767985742 4.43846820423 4.25558456619 5.06162029394 4.92544414241 4.50111097397 4.29767378939 4.34165866922 4.47995535692 4.11339276024
0.547722557505 1.05356537529 1.00995049384 1.16619037897 0.547722557505 0.4 0.953939201417 0.7 1.43178210633 1.00995049384 0.346410161514 0.860232526704 1.12694276696 1.46628782986 0.469041575982 0.616441400297 0 0.519615242271 0.519615242271 0.387298334621 0.67082039325 0.412310562562 0.92736184955 0.787400787401 1.00498756211 1.04880884817 0.707106781187 0.529150262213 0.583095189485 1.05356537529 1.06301458127 0.538516480713 0.458257569496 0.387298334621 1.00995049384 0.836660026534 0.458257569496 1.00995049384 1.36014705087 0.648074069841 0.574456264654 1.83847763109 1.23693168769 0.67082039325 0.678232998313 1.09087121146 0.479583152331 1.08627804912 0.360555127546 0.754983443527 3.95094925303 3.59722114972 4.13037528561 3.26649659421 3.81051177665 3.51425667816 3.76430604494 2.61916017074 3.76031913539 3.03973683071 2.99499582637 3.26802692767 3.30151480384 3.7483329628 2.67207784318 3.59722114972 3.50713558335 3.1304951685 3.87040049607 3.04138126515 3.86652298584 3.1304951685 4.11582312545 3.72827037646 3.43656805549 3.58608421541 4.05215991787 4.22847490237 3.57910603363 2.64196896272 3.0 2.89482296523 3.0 4.20475920833 3.50142828 3.50570962859 3.88587184555 3.71348892553 3.08220700148 3.17332633052 3.45687720349 3.63180395947 3.12729915422 2.66082693913 3.27108544676 3.15436205912 3.2109188716 3.38378486314 2.33023603955 3.15436205912 5.26022813193 4.27668095607 5.26782687643 4.71805044483 5.05074251967 6.05227230055 3.76031913539 5.61871871515 5.08527285404 5.54797260267 4.32434966209 4.54862616622 4.82700735446 4.27784992724 4.45084261685 4.59347363114 4.64973117503 6.1400325732 6.47688196588 4.26028168083 5.07050293363 4.09511904589 6.18223260643 4.14366987102 4.92950301755 5.27067358124 4.0074929819 4.02740611312 4.85695377783 5.07346035759 5.52268050859 5.90169467187 4.89285192909 4.2035699114 4.65510472492 5.72276157113 4.85283422342 4.60868744872 3.92173431023 4.75289385533 4.98196748283 4.57602447546 4.27668095607 5.2172789843 5.08133840637 4.61735855225 4.32550575078 4.44859528391 4.61627555503 4.17851648316
0.1 0.547722557505 0.519615242271 0.65574385243 0.173205080757 0.59160797831 0.509901951359 0.2 0.92736184955 0.5 0.387298334621 0.387298334621 0.616441400297 1.00995049384 0.888819441732 1.09087121146 0.519615242271 0 0.734846922835 0.316227766017 0.4472135955 0.244948974278 0.65574385243 0.412310562562 0.6 0.556776436283 0.264575131106 0.173205080757 0.173205080757 0.547722557505 0.547722557505 0.346410161514 0.648074069841 0.812403840464 0.5 0.387298334621 0.424264068712 0.5 0.871779788708 0.173205080757 0.141421356237 1.34536240471 0.774596669241 0.374165738677 0.59160797831 0.583095189485 0.374165738677 0.59160797831 0.316227766017 0.244948974278 3.97492138287 3.58189893771 4.13400532172 3.05941170816 3.75898922584 3.38526217596 3.74966665185 2.31300670124 3.72155881319 2.84780617318 2.67581763205 3.18904374382 3.1224989992 3.66878726557 2.53968501984 3.59583091927 3.39852909359 2.98496231132 3.7349698794 2.85306852354 3.81313519299 3.04138126515 4.0162171256 3.63180395947 3.38526217596 3.565108694 4.01870625948 4.21070065429 3.49571165859 2.46373699895 2.78747197295 2.67394839142 2.86181760425 4.10243829935 3.37490740614 3.48137903711 3.87943294825 3.58887168899 2.96479341607 2.98663690461 3.28329103188 3.56370593624 2.97825452237 2.35584379788 3.1192947921 3.04302481094 3.09192496675 3.31360830516 2.04939015319 3.02324329157 5.24213696883 4.16893271714 5.26687763291 4.65725240888 5.01796771612 6.06465168002 3.55105618091 5.60892146495 5.01697119784 5.59910707167 4.31624837098 4.48330235429 4.81559965113 4.14849370254 4.36806593357 4.58148447558 4.61194102304 6.20886463051 6.46683848569 4.11096095822 5.08133840637 3.98497176903 6.18304132284 4.0718546143 4.93254498206 5.28299157675 3.9382737335 3.9686269666 4.80208288142 5.07050293363 5.51633936592 5.98498120298 4.84045452411 4.13037528561 4.54532727095 5.75325994546 4.84767985742 4.57274534607 3.85616389693 4.75815090135 4.97694685525 4.59238500128 4.16893271714 5.21823725026 5.09215082259 4.60977222865 4.23792402008 4.42040722106 4.60651712251 4.10243829935
0.74161984871 1.17473401245 1.23693168769 1.32287565553 0.793725393319 0.331662479036 1.20830459736 0.836660026534 1.61245154966 1.1 0.387298334621 0.994987437107 1.256980509 1.73205080757 0.556776436283 0.640312423743 0.519615242271 0.734846922835 0 0.632455532034 0.509901951359 0.648074069841 1.32287565553 0.80622577483 1.00995049384 1.07238052948 0.818535277187 0.62449979984 0.714142842854 1.17473401245 1.14891252931 0.547722557505 0.648074069841 0.547722557505 1.1 1.05356537529 0.547722557505 1.1 1.58113883008 0.754983443527 0.860232526704 1.96214168703 1.48996644258 0.824621125124 0.640312423743 1.2409673646 0.616441400297 1.29228479833 0.469041575982 0.916515138991 3.50142828 3.18276609257 3.68917334914 2.92916370318 3.38969025134 3.13687742827 3.36154726279 2.3769728648 3.32114438108 2.74043792121 2.73130005675 2.8930952283 2.90344622819 3.34365069946 2.33023603955 3.16069612586 3.15119025132 2.73313007374 3.47706773014 2.67955220139 3.50142828 2.72946881279 3.70540146273 3.31209903234 3.00998338866 3.15436205912 3.60970912956 3.80657326213 3.19061122671 2.27376340018 2.65518360947 2.54754784057 2.62106848442 3.81444622455 3.16385840391 3.12729915422 3.45398320783 3.30151480384 2.72213151776 2.8319604517 3.09515750811 3.22800247831 2.74772633281 2.4062418831 2.91032644217 2.7748873851 2.83901391332 2.96984848098 2.09284495365 2.78567765544 4.89285192909 3.91663120551 4.84561657583 4.31624837098 4.65832587954 5.61248608016 3.48281495345 5.17493961317 4.66368952654 5.14684369298 3.93064880141 4.14969878425 4.4192759588 3.93319208786 4.12067955561 4.2201895692 4.23910367885 5.71051661411 6.03986754822 3.87040049607 4.66904701197 3.76031913539 5.73498038358 3.74966665185 4.5265881191 4.83218377134 3.62077339805 3.64554522671 4.46542271235 4.62493243194 5.08035431835 5.46076917659 4.5066617357 3.7894590643 4.24499705536 5.29150262213 4.48776113446 4.2035699114 3.54823899984 4.34281015012 4.59456200306 4.18210473327 3.91663120551 4.81767578818 4.7 4.22965719651 3.93700393701 4.05215991787 4.25440947724 3.80657326213
